
NUMPOLLIES 36

// Floor 1
 0.0  0.0  0.0 0.0 0.0
 0.0  0.0  20.0 0.0 20.0
 20.0 0.0  20.0 20.0 20.0

0.0  0.0  0.0 0.0 0.0
 20.0  0.0  0.0 20.0 0.0
 20.0 0.0  20.0 20.0 20.0

 // Ceiling 1
 0.0  1.0  0.0 0.0 0.0
 0.0  1.0  20.0 0.0 20.0
 20.0 1.0  20.0 20.0 20.0

0.0  1.0  0.0 0.0 0.0
 20.0  1.0  0.0 20.0 0.0
 20.0 1.0  20.0 20.0 20.0

 // Stena 1
 0.0 0.0 0.0 0.0 0.0
 0.0 1.0 0.0 1.0 0.0
 0.0 1.0 6.0 1.0 6.0

 0.0 0.0 0.0 0.0 0.0
 0.0 0.0 6.0 0.0 6.0
 0.0 1.0 6.0 1.0 6.0

 //Stena 2
 1.0 0.0 0.0 0.0 0.0
 1.0 1.0 0.0 1.0 0.0
 1.0 1.0 5.0 1.0 5.0

1.0 0.0 0.0 0.0 0.0
 1.0 0.0 5.0 0.0 5.0
 1.0 1.0 5.0 1.0 5.0

 //Stena 3
 0.0 0.0 6.0 0.0 0.0
 0.0 1.0 6.0 0.0 1.0
 3.0 0.0 6.0 3.0 0.0

0.0 1.0 6.0 0.0 1.0
 3.0 1.0 6.0 3.0 1.0
 3.0 0.0 6.0 3.0 0.0

 //Stena 4
 1.0 0.0 5.0 1.0 0.0
 1.0 1.0 5.0 1.0 1.0
 2.0 1.0 5.0 2.0 1.0

 1.0 0.0 5.0 1.0 0.0
 2.0 0.0 5.0 2.0 0.0
 2.0 1.0 5.0 2.0 1.0

 //Stena 5
 2.0 0.0 5.0 0.0 5.0
 2.0 1.0 5.0 1.0 5.0
 2.0 1.0 3.0 1.0 3.0

 2.0 0.0 5.0 0.0 5.0
 2.0 0.0 3.0 0.0 3.0
 2.0 1.0 3.0 1.0 3.0

//Stena 6
 3.0 0.0 6.0 0.0 6.0
 3.0 1.0 6.0 1.0 6.0
 3.0 1.0 3.0 3.0 3.0

 3.0 0.0 6.0 0.0 6.0
 3.0 0.0 3.0 0.0 3.0
 3.0 1.0 3.0 1.0 3.0

//Stena 7
 1.0 0.0 3.0 1.0 0.0
 1.0 1.0 3.0 1.0 1.0
 2.0 1.0 3.0 2.0 1.0

 1.0 0.0 3.0 1.0 0.0
 2.0 0.0 3.0 2.0 0.0
 2.0 1.0 3.0 2.0 1.0

 //Stena 8
 1.0 0.0 2.0 1.0 0.0
 1.0 1.0 2.0 1.0 1.0
 7.0 1.0 2.0 7.0 1.0

 1.0 0.0 2.0 1.0 0.0
 7.0 0.0 2.0 7.0 0.0
 7.0 1.0 2.0 7.0 1.0

 //Stena 9
 3.0 0.0 3.0 3.0 0.0
 3.0 1.0 3.0 3.0 1.0
 6.0 1.0 3.0 6.0 1.0

3.0 0.0 3.0 3.0 0.0
6.0 0.0 3.0 6.0 0.0
 6.0 1.0 3.0 6.0 1.0

 //Stena 10
 6.0 0.0 3.0 0.0 3.0
 6.0 1.0 10.0 1.0 10.0
 6.0 1.0 3.0 1.0 3.0
 
 6.0 0.0 3.0 0.0 3.0
 6.0 1.0 10.0 1.0 10.0
 6.0 0.0 10.0 0.0 10.0
 
 //Stena 11
 7.0 0.0 2.0 0.0 2.0
 7.0 1.0 8.0 1.0 8.0
 7.0 1.0 2.0 1.0 2.0
 
 7.0 0.0 2.0 0.0 2.0
 7.0 1.0 8.0 1.0 8.0
 7.0 0.0 8.0 0.0 8.0
 
 //Stena 12
 7.0 0.0 8.0 7.0 0.0
 8.0 1.0 8.0 8.0 1.0
 7.0 1.0 8.0 7.0 1.0
 
7.0 0.0 8.0 7.0 0.0
8.0 1.0 8.0 8.0 1.0
8.0 0.0 8.0 8.0 0.0
 
 //Stena 13
 7.0 0.0 9.0 7.0 0.0
 8.0 1.0 9.0 8.0 1.0
 7.0 1.0 9.0 7.0 1.0
 
7.0 0.0 9.0 7.0 0.0
8.0 1.0 9.0 8.0 1.0
8.0 0.0 9.0 8.0 0.0

//Stena 14
7.0 0.0 9.0 0.0 9.0
7.0 1.0 9.0 1.0 9.0
7.0 1.0 11.0 1.0 11.0

7.0 0.0 9.0 0.0 9.0
7.0 0.0 11.0 0.0 11.0
7.0 1.0 11.0 1.0 11.0

//Stena 15
6.0 0.0 10.0 6.0 0.0
6.0 1.0 10.0 6.0 1.0
3.0 1.0 10.0 3.0 1.0

6.0 0.0 10.0 6.0 0.0
3.0 0.0 10.0 3.0 0.0
3.0 1.0 10.0 3.0 1.0

//Stena 16
7.0 0.0 11.0 7.0 0.0
7.0 1.0 11.0 7.0 1.0
4.0 1.0 11.0 4.0 1.0

7.0 0.0 11.0 7.0 0.0
4.0 0.0 11.0 4.0 0.0
4.0 1.0 11.0 4.0 1.0

//Stena 17
3.0 0.0 10.0 0.0 10.0
3.0 1.0 10.0 1.0 10.0
3.0 1.0 15.0 1.0 15.0

3.0 0.0 10.0 0.0 10.0
3.0 0.0 15.0 0.0 15.0
3.0 1.0 15.0 1.0 15.0

//Stena 18
4.0 0.0 11.0 0.0 11.0
4.0 1.0 11.0 1.0 11.0
4.0 1.0 14.0 1.0 14.0

4.0 0.0 11.0 0.0 11.0
4.0 0.0 14.0 0.0 14.0
4.0 1.0 14.0 1.0 14.0

//Stena 19
3.0 0.0 15.0 3.0 0.0
3.0 1.0 15.0 3.0 1.0
12.0 1.0 15.0 12.0 1.0

3.0 0.0 15.0 3.0 0.0
12.0 0.0 15.0 12.0 0.0
12.0 1.0 15.0 12.0 1.0

//Stena 20
4.0 0.0 14.0 4.0 0.0
4.0 1.0 14.0 4.0 1.0
6.0 1.0 14.0 6.0 1.0

4.0 0.0 14.0 4.0 0.0
6.0 0.0 14.0 6.0 0.0
6.0 1.0 14.0 6.0 1.0

//Stena 21
6.0 0.0 14.0 0.0 14.0
6.0 1.0 14.0 1.0 14.0
6.0 1.0 13.0 1.0 13.0

6.0 0.0 14.0 0.0 14.0
6.0 0.0 13.0 0.0 13.0
6.0 1.0 13.0 1.0 13.0

//Stena 22
6.0 0.0 13.0 6.0 0.0
6.0 1.0 13.0 6.0 1.0
5.0 1.0 13.0 5.0 1.0

6.0 0.0 13.0 6.0 0.0
5.0 0.0 13.0 5.0 0.0
5.0 1.0 13.0 5.0 1.0

//Stena 23
5.0 0.0 13.0 0.0 13.0
5.0 1.0 13.0 1.0 13.0
5.0 1.0 12.0 1.0 12.0

5.0 0.0 13.0 0.0 13.0
5.0 0.0 12.0 0.0 12.0
5.0 1.0 12.0 1.0 12.0

//Stena 24
5.0 0.0 12.0 5.0 0.0
5.0 1.0 12.0 5.0 1.0
7.0 1.0 12.0 7.0 1.0

5.0 0.0 12.0 5.0 0.0
7.0 0.0 12.0 7.0 0.0
7.0 1.0 12.0 7.0 1.0

//Stena 25
7.0 0.0 12.0 0.0 12.0
7.0 1.0 12.0 1.0 12.0
7.0 1.0 14.0 1.0 14.0

7.0 0.0 12.0 0.0 12.0
7.0 0.0 14.0 0.0 14.0
7.0 1.0 14.0 1.0 14.0

//Stena 26
7.0 0.0 14.0 7.0 0.0
7.0 1.0 14.0 7.0 1.0
11.0 1.0 14.0 11.0 1.0

7.0 0.0 14.0 7.0 0.0
11.0 .0 14.0 11.0 0.0
11.0 1.0 14.0 11.0 1.0

//Stena 27
11.0 0.0 14.0 0.0 14.0
11.0 1.0 14.0 1.0 14.0
11.0 1.0 10.0 1.0 10.0

11.0 0.0 14.0 0.0 14.0
11.0 0.0 10.0 0.0 10.0
11.0 1.0 10.0 1.0 10.0

//Stena 28
12.0 0.0 15.0 0.0 15.0
12.0 1.0 15.0 1.0 15.0
12.0 1.0 10.0 1.0 10.0

12.0 0.0 15.0 0.0 15.0
12.0 0.0 10.0 0.0 10.0
12.0 1.0 10.0 1.0 10.0

//Stena 29 
11.0 0.0 10.0 11.0 0.0
11.0 1.0 10.0 11.0 1.0
8.0 1.0 10.0 8.0 1.0

11.0 0.0 10.0 11.0 0.0
8.0 0.0 10.0 8.0 0.0
8.0 1.0 10.0 8.0 1.0

//Stena 30(0)
8.0 0.0 10.0 0.0 10.0
8.0 1.0 10.0 1.0 10.0
8.0 1.0 9.0 1.0 9.0

8.0 0.0 10.0 0.0 10.0
8.0 0.0 9.0 0.0 9.0
8.0 1.0 9.0 1.0 9.0

//Stena 30(1)
8.0 0.0 8.0 0.0 8.0
8.0 1.0 8.0 1.0 8.0
8.0 1.0 5.0 1.0 5.0

8.0 0.0 8.0 0.0 8.0
8.0 0.0 5.0 0.0 5.0
8.0 1.0 5.0 1.0 5.0

//Stena 31
8.0 0.0 5.0 8.0 0.0
8.0 1.0 5.0 8.0 1.0
10.0 1.0 5.0 10.0 1.0

8.0 0.0 5.0 8.0 0.0
10.0 0.0 5.0 10.0 0.0
10.0 1.0 5.0 10.0 1.0

//Stena 32
10.0 0.0 5.0 0.0 5.0
10.0 1.0 5.0 1.0 5.0
10.0 1.0 6.0 1.0 6.0

10.0 0.0 5.0 0.0 5.0
10.0 0.0 6.0 0.0 6.0
10.0 1.0 6.0 1.0 6.0

//Stena 33
10.0 0.0 6.0 10.0 0.0
10.0 1.0 6.0 10.0 1.0
9.0 1.0 6.0 9.0 1.0

10.0 0.0 6.0 10.0 0.0
9.0 0.0 6.0 9.0 0.0
9.0 1.0 6.0 9.0 1.0

//Stena 34
9.0 0.0 6.0 0.0 6.0
9.0 1.0 6.0 1.0 6.0
9.0 1.0 9.0 1.0 9.0

9.0 0.0 6.0 0.0 6.0
9.0 0.0 9.0 0.0 9.0
9.0 1.0 9.0 1.0 9.0

//Stena 35
9.0 0.0 9.0 9.0 0.0
9.0 1.0 9.0 9.0 1.0
11.0 1.0 9.0 11.0 1.0

9.0 0.0 9.0 9.0 0.0
11.0 0.0 9.0 11.0 0.0
11.0 1.0 9.0 11.0 1.0

//Stena 36
11.0 0.0 9.0 0.0 9.0
11.0 1.0 9.0 1.0 9.0
11.0 1.0 4.0 1.0 4.0

11.0 0.0 9.0 0.0 9.0
11.0 0.0 4.0 0.0 4.0
11.0 1.0 4.0 1.0 4.0

//Stena 37
12.0 0.0 9.0 0.0 9.0
12.0 1.0 9.0 1.0 9.0
12.0 1.0 5.0 1.0 5.0

12.0 0.0 9.0 0.0 9.0
12.0 0.0 5.0 0.0 5.0
12.0 1.0 5.0 1.0 5.0

//Stena 38
11.0 0.0 4.0 11.0 0.0
11.0 1.0 4.0 11.0 1.0
10.0 1.0 4.0 10.0 1.0

11.0 0.0 4.0 11.0 0.0
10.0 0.0 4.0 10.0 0.0
10.0 1.0 4.0 10.0 1.0

//Stena 39
12.0 0.0 3.0 12.0 0.0
12.0 1.0 3.0 12.0 1.0
10.0 1.0 3.0 10.0 1.0

12.0 0.0 3.0 12.0 0.0
10.0 0.0 3.0 10.0 0.0
10.0 1.0 3.0 10.0 1.0

//Stena 40
10.0 0.0 4.0 0.0 4.0
10.0 1.0 4.0 1.0 4.0
10.0 1.0 3.0 1.0 3.0

10.0 0.0 4.0 0.0 4.0
10.0 0.0 3.0 0.0 3.0
10.0 1.0 3.0 1.0 3.0

//Stena 41
12.0 0.0 4.0 0.0 4.0
12.0 1.0 4.0 1.0 4.0
12.0 1.0 3.0 1.0 3.0

12.0 0.0 4.0 0.0 4.0
12.0 0.0 3.0 0.0 3.0
12.0 1.0 3.0 1.0 3.0

//Stena 42
12.0 0.0 4.0 12.0 0.0
12.0 1.0 4.0 12.0 1.0
15.0 1.0 4.0 15.0 1.0

12.0 0.0 4.0 12.0 0.0
15.0 0.0 4.0 15.0 0.0
15.0 1.0 4.0 15.0 1.0

//Stena 43
12.0 0.0 5.0 12.0 0.0
12.0 1.0 5.0 12.0 1.0
14.0 1.0 5.0 14.0 1.0

12.0 0.0 5.0 12.0 0.0
14.0 0.0 5.0 14.0 0.0
14.0 1.0 5.0 14.0 1.0

//Stena 44
14.0 0.0 5.0 0.0 5.0
14.0 1.0 5.0 1.0 5.0
14.0 1.0 9.0 1.0 9.0

14.0 0.0 5.0 0.0 5.0
14.0 0.0 9.0 0.0 9.0
14.0 1.0 9.0 1.0 9.0

//Stena 45
15.0 0.0 4.0 0.0 4.0
15.0 1.0 4.0 1.0 4.0
15.0 1.0 18.0 1.0 18.0

15.0 0.0 4.0 0.0 4.0
15.0 0.0 18.0 0.0 18.0
15.0 1.0 18.0 1.0 18.0

//Stena 46
12.0 0.0 10.0 12.0 0.0
12.0 1.0 10.0 12.0 1.0
14.0 1.0 10.0 14.0 1.0

12.0 0.0 10.0 12.0 0.0
14.0 0.0 10.0 14.0 0.0
14.0 1.0 10.0 14.0 1.0

//Stena 47
12.0 0.0 9.0 12.0 0.0
12.0 1.0 9.0 12.0 1.0
14.0 1.0 9.0 14.0 1.0

12.0 0.0 9.0 12.0 0.0
14.0 0.0 9.0 14.0 0.0
14.0 1.0 9.0 14.0 1.0

//Stena 48
14.0 0.0 10.0 0.0 10.0
14.0 1.0 10.0 1.0 10.0
14.0 1.0 17.0 1.0 17.0

14.0 0.0 10.0 0.0 10.0
14.0 0.0 17.0 0.0 17.0
14.0 1.0 17.0 1.0 17.0

//Stena 49
14.0 0.0 17.0 14.0 0.0
14.0 1.0 17.0 14.0 1.0
10.0 1.0 17.0 10.0 1.0

14.0 0.0 17.0 14.0 0.0
10.0 0.0 17.0 10.0 0.0
10.0 1.0 17.0 10.0 1.0

//Stena 50
15.0 0.0 18.0 15.0 0.0
15.0 1.0 18.0 15.0 1.0
11.0 1.0 18.0 11.0 1.0

15.0 0.0 18.0 15.0 0.0
11.0 0.0 18.0 11.0 0.0
11.0 1.0 18.0 11.0 1.0

//Stena 51
10.0 0.0 17.0 0.0 17.0
10.0 1.0 17.0 1.0 17.0
10.0 1.0 20.0 1.0 20.0

10.0 0.0 17.0 0.0 17.0
10.0 0.0 20.0 0.0 20.0
10.0 1.0 20.0 1.0 20.0

//Stena 52
11.0 0.0 18.0 0.0 18.0
11.0 1.0 18.0 1.0 18.0
11.0 1.0 20.0 1.0 20.0

11.0 0.0 18.0 0.0 18.0
11.0 0.0 20.0 0.0 20.0
11.0 1.0 20.0 1.0 20.0

